-37,9346734255655	73,6030485819802	-163,876520232195	-483,445640401383	-85,3215449169631	4,38849195729186	-21,5870969887196	-258,956337806835	62,1691079268014	-26,1489051738978	71,3002118726783	-109,242143545474
-101,287247398437	27,8330896972557	-9,54565003251344	-531,564437975536	42,7080923997321	18,9286456421187	-186,305021749984	-180,782469025003	47,9269065155168	-58,2665851387897	-120,114459689671	-118,862222798698
-107,626305505562	58,5266500367618	-185,653024176864	-433,74298403972	12,8203471081706	16,7346774060446	-103,223680284393	-174,833256854709	49,8704266240665	3,30335081030751	-87,6691001279767	-96,5454650379067
16,5478504826688	70,5777091721217	-135,087014750051	-339,195095226196	-71,2640166107178	30,4023648788657	-191,036032437393	-169,943555077061	82,5724577455238	33,0382996604583	-21,6404831686046	-107,397890920858
48,1803577156989	132,523347645149	-123,571907422615	-484,246288284646	9,51240041360943	38,6309342954849	-209,854368490302	-326,217208793123	16,8800264712579	-36,9847622436493	29,7682154345524	-19,0172682798033
-136,311740043989	99,4467401731925	-73,9104154880425	-447,246970715544	-7,70130961538265	-11,1976821419671	-128,273982433154	-247,62275882595	73,7053013265115	-65,0056493051637	20,8265537015691	-86,8962393317733
-39,5213169911186	84,6855674916154	-138,481370822282	-472,31143370962	-55,1411711772924	-9,91830450354365	-91,2273601837593	-266,70218406046	1,92552693022732	-23,3156624099976	-13,2034849912721	-61,5129713289167
-68,4843019468194	74,8925770783381	-103,143432715254	-148,26747771436	11,7154617524531	1,3372323960037	-84,991299739003	-277,43798922423	54,3683642578006	-25,0452240988562	-40,3884931495917	-58,2779876442242
-48,7041754582638	55,8733209596883	-24,5308325595034	-112,01598151019	-28,2310918527959	2,67448694274942	-72,8019850507227	-238,864561752782	54,3860483702696	-40,2180341551664	55,5424216218424	37,6413184924401
-36,7099192092374	36,8878568059786	-47,9468850644444	-19,9524387031209	44,0598932185077	-9,70571131992471	-89,4602097504046	-184,43375634614	66,2135002682533	-27,1748788804234	-21,374835311095	-38,9618121543406
-16,1147005694402	67,8846152603325	-39,7051573012855	-92,2986174006715	25,962431745186	-11,5366566951416	-42,9215899789351	-219,399225346917	20,2613391897112	-21,1319855642714	-26,1258149303548	-23,5733203106482
-52,0080587323641	76,3328019071487	-45,0003277238283	-49,2819094410393	-10,6967163440855	5,14308757783411	-25,274757030837	-217,365736999358	53,8494949246253	-37,3898467106833	3,86103805809002	-125,195178576761
-12,4185924280025	29,6893944273479	-89,0818824534479	-170,345778399035	-23,0498806821955	5,35047831867976	-48,471507323876	-163,722773084151	61,2828259559269	-18,4867241146363	-12,6290817337822	-128,319946316317
-5,31915041601917	11,9376460245514	-88,1293806881218	-183,164977349364	18,4951465246741	-1,77904997501383	-67,6226513939687	-96,1153019845944	54,3080933537954	-24,5209793835321	-84,1042291729898	-38,1251960560301
-17,0340357406313	39,9079138273379	-69,9154322093249	-172,322186539355	21,4254068336624	-3,92465712433449	-33,0396787318622	-165,672261734837	37,4331492983819	-28,4732053662349	-124,963198711298	-1,85890494124561
-54,2245876455651	60,9191908733742	-80,8924232342717	-147,438593241938	4,75140257814411	1,44127718324854	-24,3288813934181	-245,509052916525	53,5172708801853	-53,5259540611513	-85,2449172163282	-37,884162495715
-53,2080517624681	66,1784729812053	-77,9153259574473	-178,147525557113	6,85428955203405	4,18735466110868	-32,4738850713156	-218,41346121824	38,0147427429569	-46,4140618034184	-121,341448180777	-36,7679233028208
-29,394171152033	26,9781946733175	-43,0809922181523	-217,190504475036	10,5159079016386	-3,19440651560377	-12,5604993435481	-131,272802750878	9,27548037989665	-11,2899022003101	-98,2195993822908	-0,923509620322164
-41,2035186948943	43,040948808118	-59,27145866279	-242,512577799413	34,1504674749595	-20,5974584232247	-33,4551142660514	-118,348841344717	6,86062308644676	-1,33443590982813	-112,312724680599	-16,7973942167089
-0,0929253708282261	46,448296853479	-85,7665700986269	-296,751947617225	0,394637223047305	26,3373628904127	-48,9597985307007	-151,506666451379	47,1661344292604	-14,8207669314251	-104,288034787654	-64,7405555684572
-20,637532694028	46,9736642257406	-44,8091643060312	-392,136526035004	13,6681436947211	17,8788964177261	-24,4526536497942	-117,423502128195	25,6966149405014	-24,925018842382	-116,052509021151	-116,264351786717
-28,4398461256449	70,055764235767	-109,278708486579	-308,329811138917	-24,6754842504061	8,44615622599084	-81,722187001441	-229,552846335254	34,0370047286843	-56,2605770209251	-54,2186258988216	-59,9726070092137
-47,750031305503	51,961322771951	-84,4979308438315	-272,938182764998	-7,57022736483082	11,6972237124748	-89,2468055404666	-145,3337852222	71,8982610251001	-25,4696181591121	-78,1999598988576	-62,5775302368547
-43,3899927990495	60,0668496867463	-78,8736002136679	-335,276423432565	8,39012495604329	5,62845981277654	-38,81216303359	-137,568064373256	50,7606255052172	-12,8232815217812	-89,4614043072879	-58,7380644595528
-20,4059692108054	57,5404406937756	-80,4401135871194	-362,793508938744	20,6554858979003	16,9872109848722	-76,9522838297355	-146,307809000786	49,4911407376608	-32,9095757670809	-34,6435074939986	-70,1565916577477
-27,9273826278461	43,1272381400063	-98,0248212120947	-308,419215746009	18,2347048373844	39,8247670217316	-123,01615099897	-170,013917976152	65,2378152570169	-40,6711300713865	-34,6753852282305	-168,250212189002
-38,3184730990255	65,1375497274459	-93,766425233895	-356,046422870988	37,94313006969	26,6577932968771	-103,162595912671	-184,823250859987	37,5064640346321	-44,3643020487192	-45,7075862319437	-126,493460218127
-23,3963731683484	56,1925949130772	-145,274323715923	-223,236643236453	9,34110371138628	19,5252135085651	-126,145245398961	-186,612298464825	47,065739351971	-8,22013372814102	-72,7159425256976	-105,267927949109
-38,1203389604773	51,8223482633785	-84,5776119184846	-241,295432304282	-5,48034273719394	10,8952169369872	-78,7909954803041	-184,380596325208	27,1842997076383	-41,7285101722082	-55,172519086715	-74,3733582992979
-46,9122161708028	51,7436694939523	-102,406959913419	-221,557475111516	16,3226146556612	43,8493374901888	-82,640571539987	-241,735914826516	37,720549676097	-39,8433662104457	-45,0840082764611	-120,474437546073
-37,7870275667875	63,1827682449777	-130,84109443673	-253,742992715123	14,9700567951692	33,4849799810524	-90,9133210726917	-331,345838437581	28,9496375506138	-41,3460467540488	-42,0335898039307	-105,882041816837
-60,1787171173369	52,3538249777198	-103,404342258686	-280,380761259513	61,3821034183981	25,6019692051409	-74,7981959062411	-223,381924802843	80,3909849628839	-39,6652129855365	-33,3170165396851	-165,576876288464
-45,159512665156	27,1117870177497	-120,793313603314	-289,815243763936	-13,1065851330756	51,4254179974275	-52,2562152378893	-308,989147556493	72,9053643263228	-32,4912345866761	-15,9120852630928	-180,167825297061
-31,3577851222465	48,3135307302814	-71,6096022937163	-294,043376268208	6,87396541671958	30,6911950591393	-171,891657683324	-306,195490365241	60,3548483381846	-36,8535910924307	87,8382295583799	-71,7713734723038
20,0300973251647	76,7116512124795	-76,3568554326334	-307,727977663751	-1,43181478602407	31,3430211629898	-193,500951698451	-314,89288992413	24,7912615564144	-42,4893693239195	104,686510793875	-57,6833242200596
-45,4618681563475	61,9479898788096	-140,108179825288	-242,554045531004	50,0484831184545	50,4709302111685	-96,7199811081456	-304,202543732913	24,5176701565231	-31,9618554946358	93,4461309733772	-79,3166439359182
-2,15290389189511	83,3544039964754	-123,982703382744	-246,505234548593	29,9078001654148	-2,33504816468249	-102,78728994118	-297,101227222343	53,1934150437537	-72,1981525762607	-26,3894229214571	-111,816044882833
-76,7973902143303	59,5713248514466	-126,901916993964	-237,334070816444	-2,13205871315824	22,4336402874798	-158,076328758314	-268,773539608239	52,528410724967	-41,845174589328	-21,5576866209793	-64,8775510993526
-32,3495086847729	52,2974177128107	-124,043342012932	-346,900610922624	52,3705914048642	44,0729060480269	-86,8287118274455	-243,778459769839	62,0929501783383	-74,5493956698846	25,1682685415691	-105,403336028573
