-51,1767537645869	25,9865410448206	-78,1794189202274	-143,710033157216	-5,74589856858103	6,00954374964568	-94,4438546443795	-188,926028595958	53,9881687566667	-51,9140477208503	13,4154411507262	-16,3242597311416
-46,4393081376065	48,185956573178	-44,7997978956551	-175,257610331694	22,2024810207288	4,82543491980291	-98,6896970526792	-167,422509228179	34,1476835465953	-22,6867977959796	51,3035829122584	-63,4818526430786
-11,626904320625	32,6593765214688	-76,7124032246182	-148,121275042787	39,5520645012707	24,7250759701383	-120,800392373417	-203,537681618495	39,3127821002479	-3,8600832525161	62,6151436354668	21,1924136062122
-9,61260872652716	65,3466103538032	-31,2257388780272	-142,50487326904	-6,77309032331497	1,96446966115846	-85,2585663385648	-116,91238944402	44,0655820913948	-68,5285112655776	-13,3103464621894	-36,1198746492242
-54,2582841041189	45,3758992237725	-54,3262853781427	-134,822786478822	22,3578443046135	-20,1801157677697	-75,2740780391557	-163,216169722923	44,6091766645534	-12,5210712094635	-39,3259222509959	-40,4783647780362
-26,9350471545312	44,9626596180761	-86,7312769364101	-198,436020739533	11,8689133518735	35,7944870904212	-38,1173770662971	-100,039866491155	61,5452099134426	-30,5811135012849	-125,543656314168	-48,6626694392979
-26,2234107257749	24,7089133330406	-44,7911050427314	-193,315502705525	17,4216809523034	34,4787757628725	-48,8637881898272	-47,0791787612987	22,3356570769497	-31,3501623799708	-119,19667697995	0,148461866106146
-38,2524317903227	41,1360142598445	-58,7538931464832	-228,803255724333	0,581195650310285	22,581170989855	-56,3682202065029	-186,30449865344	57,8174775006511	-17,3821314560752	-101,730834657535	-78,4464325406743
-13,4278065903978	25,0470267868426	-103,938539129738	-206,167383380076	6,82045350313229	25,9666670028602	-42,8006490866003	-110,812323766093	37,3350328751908	-42,9389562764969	-87,6454274414469	-49,3408162687739
-32,5411888659655	50,5986723293911	-58,1568130891506	-271,963612953825	11,4736554045932	22,2143479741165	-88,1581004910018	-112,770216721035	60,5500838303187	-9,62064089783246	-143,615815945762	-49,5207208133669
-72,6696035260905	48,4761439828291	-73,6664506203295	-302,302598628975	35,4995061644959	30,7520432000146	-120,13084014672	-147,147265947929	4,25277628156216	-22,2779519815014	-117,834615037861	-100,346699201985
-32,669030026612	35,9163662090318	-73,7181992443003	-257,080613773748	-17,4907976636201	27,4744046996885	-58,683817571755	-139,720256099772	48,8862943001457	-37,087814834909	-62,6250314091361	-91,0457851484627
-13,4975193510111	26,5891378125795	-100,049467780377	-232,349382570756	13,9261696297997	41,4456805461242	-90,2157016737872	-175,815109057646	45,9184703206348	2,55850556006295	-36,9473836110116	-138,438144471808
-22,1385243300808	54,9986775304431	-93,4919535019257	-325,754205383955	17,8037868042393	59,1581448420847	-90,2558828628892	-136,982939088093	42,8024407197899	-59,8132171235438	-68,8973344379384	-80,0476021684839
-85,6872329031207	70,1126135486597	-100,413547606912	-214,082070101322	22,2266481927831	26,8050724517324	-99,733666725823	-207,944098634907	81,2327755339201	-49,2674353031563	2,05054773829231	-75,6436254564111
-4,02759017136418	52,3557326851997	-132,829928716258	-286,699680642322	12,1236059530031	25,6382183817979	-124,043970861979	-172,571991210994	49,073450765594	-20,8063154212585	25,8500003262233	-125,772206031744
11,1196615761645	38,8065541146075	-80,138934450311	-203,078908593797	27,1294500088437	34,2184164321107	-92,5037839687798	-219,816998683144	67,7502410557578	-44,7036750372133	27,517226407327	-79,6825071952167
-46,4118178187764	36,3255977494752	-93,0282148888879	-269,312456366989	35,3019130734275	32,5575691985401	-30,6093026964134	-236,905323465159	100,518414922773	-27,9400548925761	-21,8245652331245	-79,1712707583118
-79,1152156946475	23,3657658348833	-105,227795216816	-233,681713602134	61,1050432545268	35,9762918878408	-114,762303303983	-249,875862180916	55,3315785215667	-40,9480107653062	5,66856485814725	-62,4202486055128
-55,9637933360828	54,7946005738946	-119,222884011708	-280,000823587055	12,8467113745842	25,8946551277581	-63,9286841911365	-255,152343031127	73,7802225646912	-21,594121059143	15,8025559474338	-92,2449234863639
-24,9607192204788	63,1536314224857	-86,125848192089	-221,325189956778	54,8405891206132	31,6721004959694	-70,1146069481526	-244,730190068607	57,5905049962179	-48,3142111446346	64,3838707029066	-64,7752285127878
-54,8848966688919	42,5787258742533	-82,1607019958822	-226,247131502091	-5,2356070837126	31,0215763757513	-69,5462622005741	-227,787745387712	35,6538278437009	-26,2575276452586	23,2199578512974	-72,0913186323474
-33,7709881936008	19,9908265356867	-96,9901212734521	-215,083041864452	17,0157337056817	-3,52091456893037	-101,370871397518	-202,268798007919	40,5605972854629	-50,7870571760506	36,5644009474259	-37,6388054494185
-75,800926424896	66,4512386205381	-41,6433836502954	-250,614099719893	10,244396481206	45,7905953752545	-105,042144926099	-173,260069106719	15,3343964186261	-33,6689610174832	-5,43187265960263	-122,901475324499
-93,1380407647391	53,3340142210417	-83,6412365156961	-169,924529841998	20,153028262847	39,5565006686673	-53,5662332066363	-299,096963915232	83,3339387959925	-48,0043082455724	66,5497811731197	-80,352139941596
-13,6828382644731	37,0264828609938	-67,1615123175258	-224,452518169757	14,9914839443868	22,5719123607518	-103,297251381888	-244,265230437918	55,5691283385156	-6,47547372764738	30,9287930846093	-31,3102263557522
-4,17963566393624	43,6935153764569	-137,505133486553	-260,367489606564	37,9860099089029	24,1357699941287	-43,929933705097	-223,556483811273	54,4248289710361	-20,6256457632163	6,08172762786035	-130,665354789968
-41,3236581648182	73,9678170886039	-148,409232655151	-206,181334745147	-3,45452963709352	20,5818450762523	-137,991936875633	-286,3276044264	20,2107060872733	-33,5959802476046	88,7742754298947	-21,4125822100547
-46,0838406413442	67,2706668282359	-83,7869795988629	-310,223396549092	16,8006806873275	25,9607306588796	-148,60050793366	-194,812250470774	39,1566614731839	-30,9271367055743	21,0520428464873	-92,6032315341423
